158
151
156
153
153
151
152
154
157
150
159
156
157
155
158
153
150
159
158
153
156
157
152
159
152
158
158
157
154
150
154
155
151
153
153
154
159
155
152
154
153
158
157
155
151
153
154
156
160
158
157
159
158
159
157
152
152
159
154
159
160
156
157
151
151
157
152
151
158
151
150
154
153
160
154
158
152
150
160
159
152
151
150
160
153
154
154
151
160
158
150
160
157
154
154
151
157
155
151
152
159
153
154
157
155
152
152
159
154
158
160
151
159
151
158
152
159
150
152
154
160
159
156
159
159
151
155
156
151
151
158
155
